10
443 +440 +329 +136 -447 -107 -409 +19 +90 -89
-329 -44 -349 +304 +34 +191 +150 +191 +355 +246
-402 +238 -2 -182 +463 +403 -191 -248 +122 +38
-74 -175 +224 -21 -262 +176 -334 +352 +64 -462
197 +11 +39 +151 -217 -180 -356 -402 -415 +393
-38 +55 -368 +319 +379 +205 -43 +454 -182 -420
-481 -441 +280 -87 -449 -127 +84 -492 +206 -258
271 -337 +221 +31 +325 +350 +286 +320 +50 +357
86 +359 -98 -390 -378 +240 -408 -400 -296 +148
-230 +387 -392 -450 -263 -26 +165 -331 -209 +438
2012
313
525
612
312
2511
-652
1506
258
-1421