10 11
443 +440 +329 +136 -447 -107 -409 +19 +90 -89 2012 
-329 -44 -349 +304 +34 +191 +150 +191 +355 +246 313 
-402 +238 -2 -182 +463 +403 -191 -248 +122 +38 525 
-74 -175 +224 -21 -262 +176 -334 +352 +64 -462 612 
197 +11 +39 +151 -217 -180 -356 -402 -415 +393 312 
-38 +55 -368 +319 +379 +205 -43 +454 -182 -420 2511 
-481 -441 +280 -87 -449 -127 +84 -492 +206 -258 -652 
271 -337 +221 +31 +325 +350 +286 +320 +50 +357 1506 
86 +359 -98 -390 -378 +240 -408 -400 -296 +148 258 
-230 +387 -392 -450 -263 -26 +165 -331 -209 +438 -1421 